0 1111 1013 885 705 654 1018 988 1012 922 793 619 569 934 893 930 849 719 551 485 844 806 843 760 630 461 401 762 721 760 
1 86 73 72 55 42 90 73 88 73 72 55 42 90 72 88 73 72 55 42 90 72 88 73 72 55 42 90 72 88 
4 22 15 18 31 11 22 2 15 7 10 23 4 14 10 8 0 2 16 4 7 17 0 8 5 8 12 1 25 7 
5 11 15 17 5 14 13 6 5 10 12 1 9 7 0 0 4 6 6 3 2 5 6 1 0 12 3 4 11 11 
6 8 5 6 3 4 7 0 2 1 1 9 2 1 7 4 8 7 15 9 6 13 10 14 13 22 15 12 19 16 
10 20 22 15 11 3 24 20 20 20 12 8 6 21 17 17 17 10 5 9 18 14 14 14 7 3 11 16 12 12 
11 14 25 21 13 17 25 27 12 21 17 9 14 21 24 9 18 14 6 10 17 20 5 14 10 2 6 14 16 1 
13 22 23 14 18 7 23 10 19 20 11 15 4 20 7 15 16 7 11 1 16 4 12 13 4 8 3 13 0 9 
15 28 34 21 20 17 21 24 26 31 18 17 14 18 21 23 28 15 14 11 15 18 20 25 12 11 8 12 15 17 
18 7 10 5 1 2 7 3 3 7 2 4 1 4 6 0 4 1 7 4 1 9 3 1 4 10 7 2 12 6 
19 5 3 2 3 0 2 7 3 2 7 8 4 7 3 2 6 11 13 9 11 2 6 11 16 17 14 16 6 11 
21 25 30 34 27 32 29 29 26 31 35 28 33 29 29 27 32 35 29 34 30 30 28 33 36 30 35 31 31 29 
22 27 31 36 16 18 32 37 30 33 37 17 20 34 38 31 34 39 19 21 35 40 33 36 41 21 23 37 42 35 
24 8 5 1 8 3 4 6 4 0 3 12 8 0 2 1 4 7 16 12 4 2 5 8 11 21 16 8 6 9 
25 10 12 7 2 5 13 5 10 12 7 2 5 13 5 11 13 7 3 6 14 6 11 13 8 3 6 14 6 11 
38 23 23 24 11 11 18 26 19 21 22 9 9 16 24 18 19 21 8 7 15 22 16 18 19 6 6 13 21 14 
39 39 40 39 35 29 48 42 42 42 40 36 31 50 43 43 43 42 38 33 51 45 45 45 43 40 34 53 46 46 
43 44 43 36 36 35 44 47 42 45 38 38 37 46 49 44 47 40 40 39 48 51 46 49 42 42 41 51 53 48 
45 7 2 5 4 10 8 5 5 0 3 2 8 6 3 3 2 1 0 6 4 1 1 4 1 2 4 2 1 1 
47 17 6 8 11 11 19 14 15 5 7 10 10 18 13 14 4 6 9 8 17 12 13 2 4 7 7 16 10 11 
50 28 26 21 19 16 25 23 29 26 21 19 15 24 22 29 26 20 18 15 24 22 28 25 19 18 14 23 21 28 
52 16 11 8 5 2 8 9 17 10 8 5 2 8 9 17 10 8 5 2 8 9 17 10 8 5 2 8 9 16 
57 38 32 29 27 27 38 40 36 32 29 28 28 39 42 38 33 31 30 30 41 43 39 35 33 31 31 42 45 41 
73 7 5 8 5 3 3 4 7 5 8 5 3 3 4 7 5 8 5 3 3 4 7 5 8 5 3 3 5 7 
75 6 1 1 2 2 1 1 2 3 1 0 4 3 1 0 5 3 3 6 5 3 2 7 6 5 8 7 5 4 
76 18 16 16 13 14 18 16 19 17 17 14 15 19 17 20 18 18 15 16 20 18 21 19 19 16 17 20 18 22 
77 27 24 23 16 17 24 24 27 25 24 17 18 25 24 28 26 25 18 19 26 25 28 26 25 19 20 26 26 29 
82 15 17 9 11 8 11 10 14 17 9 11 7 10 10 14 17 9 11 7 10 10 13 16 9 10 7 10 9 13 
84 11 17 11 10 11 8 10 11 17 11 10 11 8 10 11 17 12 11 12 9 11 12 18 12 12 12 9 11 12 
87 14 11 11 13 12 13 17 14 11 11 13 12 14 17 14 11 11 13 12 14 17 15 12 11 13 13 14 17 15 
88 24 23 24 20 16 25 21 26 25 25 21 17 27 22 27 26 26 22 19 28 23 28 27 27 23 20 29 24 29 
89 8 8 6 8 8 4 4 7 9 6 8 8 4 5 8 9 7 8 8 4 5 8 9 7 8 8 4 5 8 
104 19 21 14 15 10 18 20 19 21 15 16 11 19 20 20 21 15 16 11 19 20 20 22 15 16 11 19 21 20 
105 27 28 26 25 25 27 30 27 29 27 26 27 29 31 29 30 29 28 28 30 33 30 32 30 29 30 32 35 32 
107 8 6 2 8 9 4 3 7 5 2 8 9 4 2 6 5 2 7 9 3 2 6 5 1 7 9 3 2 6 
109 10 10 12 5 3 7 12 11 10 12 4 3 7 11 10 9 12 4 3 7 11 10 9 11 4 3 6 11 10 
121 9 7 7 6 5 10 10 8 7 7 6 5 9 9 8 7 6 6 5 9 9 8 6 6 5 5 9 9 8 
122 7 2 1 2 1 0 1 6 0 2 0 3 1 2 5 1 3 1 4 3 3 3 2 4 2 5 4 4 2 
125 11 11 9 7 5 10 8 12 12 9 7 5 11 8 12 12 9 8 6 11 9 12 12 10 8 6 11 9 13 
129 24 22 23 20 17 22 25 25 23 25 21 19 24 26 26 25 26 23 20 25 27 27 26 27 24 21 26 29 29 
136 7 9 10 8 10 10 9 7 10 11 8 11 10 9 8 10 11 9 11 11 10 8 11 12 9 12 12 10 9 
138 13 9 6 5 9 9 10 14 10 7 5 9 9 10 15 10 7 6 10 9 10 15 10 7 6 10 10 11 15 
139 10 7 7 6 5 9 9 9 7 6 5 5 8 9 9 6 6 5 4 8 8 8 6 5 4 4 7 8 8 
150 21 16 17 15 14 19 19 21 17 18 16 15 20 20 22 18 19 17 16 21 21 23 19 20 18 17 22 22 24 
153 12 15 11 11 9 13 12 12 15 11 12 9 13 12 13 15 12 12 9 14 13 13 16 12 12 9 14 13 13 
156 1 3 1 0 2 3 0 1 2 1 0 2 3 0 1 2 1 0 2 2 0 0 2 2 1 1 2 0 0 
158 19 23 23 15 14 23 24 23 24 24 16 15 24 25 23 24 25 17 16 25 26 24 25 26 18 17 25 27 25 
163 3 4 1 2 1 1 3 3 3 0 2 0 0 2 2 2 1 1 1 1 1 1 1 2 0 2 2 0 0 
167 9 9 7 6 6 6 8 8 9 7 6 6 6 8 8 9 6 6 6 6 8 8 9 6 6 6 6 8 8 
170 2 4 0 1 5 0 1 2 2 3 3 8 3 1 4 1 5 5 10 5 3 6 3 7 8 12 8 6 9 
181 9 6 8 7 11 11 9 9 6 8 7 11 12 9 10 7 9 7 12 12 10 10 7 9 8 12 12 10 10 
196 7 6 6 3 2 4 6 6 5 5 2 1 3 5 5 4 4 1 0 2 4 4 3 3 0 1 1 3 3 
216 15 17 17 14 18 18 18 16 18 18 15 19 19 19 17 18 19 16 20 20 20 18 19 20 17 21 21 21 19 
223 4 5 4 4 4 4 3 4 5 3 3 3 4 3 3 4 3 3 3 3 2 3 4 2 2 2 3 2 2 
235 16 13 12 12 11 13 13 16 14 12 12 11 14 14 17 14 13 13 12 14 14 18 15 13 14 13 15 15 18 
237 13 13 12 12 13 14 14 13 14 13 13 14 14 14 14 15 14 13 15 15 15 15 16 14 14 15 16 16 16 
238 15 13 14 13 14 17 17 16 14 15 14 14 17 18 17 15 15 15 15 18 19 18 16 16 16 16 19 19 19 
263 5 5 4 3 4 6 5 5 5 4 3 4 6 5 5 5 4 4 5 6 6 6 5 5 4 5 7 6 6 
274 7 9 7 5 5 7 7 7 9 8 6 5 7 7 8 10 8 6 6 8 7 8 10 8 6 6 8 8 9 
276 8 6 6 4 3 6 7 8 6 6 4 3 6 7 8 6 6 4 3 6 7 8 6 6 4 3 5 7 8 
278 4 4 3 2 4 5 5 4 4 3 2 4 5 5 4 4 4 2 4 5 5 4 5 4 3 4 5 6 4 
290 6 4 3 3 2 3 3 5 3 3 3 2 3 2 5 3 3 2 1 2 2 5 3 3 2 1 2 2 5 
296 17 14 13 12 11 17 15 18 15 14 13 12 18 16 19 16 15 14 13 19 17 19 17 16 15 14 20 18 20 
307 10 8 8 7 6 8 9 10 8 8 7 6 8 9 10 9 9 7 6 8 10 11 9 9 8 7 9 10 11 
330 8 6 4 5 7 6 7 8 6 4 5 8 7 7 8 6 5 6 8 7 7 9 7 5 6 8 7 8 9 
333 5 5 4 1 1 2 4 6 5 4 1 1 2 4 6 5 4 1 1 2 4 6 5 4 1 0 2 4 6 
338 12 14 12 12 11 12 13 13 14 12 13 12 13 14 13 15 13 13 13 14 14 14 16 14 14 13 15 15 15 
341 5 6 4 5 5 6 5 5 7 5 5 5 6 5 5 7 5 5 5 6 5 5 7 5 5 6 6 6 6 
343 6 8 8 8 7 8 7 8 9 8 8 8 8 8 8 9 9 9 8 9 8 8 9 9 9 9 9 9 9 
361 9 8 7 7 5 8 9 9 9 8 7 5 8 9 10 9 8 7 6 9 10 10 9 8 8 6 9 10 11 
372 2 2 2 2 1 3 3 2 1 2 1 1 3 3 2 1 2 1 1 3 3 1 1 1 1 1 3 2 1 
378 5 6 5 5 4 7 6 5 6 5 6 5 7 7 5 6 6 6 5 7 7 6 7 6 6 5 8 7 6 
384 3 4 4 3 2 4 4 3 4 4 3 2 4 5 3 4 4 3 2 4 5 3 5 4 3 2 4 5 4 
415 6 6 5 6 5 4 6 6 7 6 6 5 5 6 6 7 6 6 6 5 6 6 7 6 6 6 5 6 7 
430 6 6 6 6 6 6 7 6 7 6 6 6 6 7 7 7 6 6 7 6 7 7 7 7 6 7 6 7 7 
431 4 4 5 4 4 5 6 4 4 6 4 4 5 6 5 5 6 4 4 5 6 5 5 6 4 4 5 6 5 
442 6 7 8 7 7 8 9 7 7 8 8 8 9 9 8 8 9 8 8 9 10 8 8 9 9 9 10 10 9 
455 1 1 1 1 1 2 2 1 1 1 1 0 2 2 1 1 0 1 0 2 2 1 1 0 1 0 1 2 1 
475 5 4 4 3 1 3 4 5 4 4 3 1 3 4 5 4 4 3 2 3 4 5 4 4 3 2 3 4 6 
486 10 10 10 10 10 12 11 11 11 11 11 11 13 12 11 11 11 12 11 13 13 12 12 12 12 12 14 13 13 
499 3 2 2 1 1 2 2 2 2 1 0 0 2 2 2 2 1 0 0 2 2 2 2 1 0 0 1 2 1 
506 4 3 4 2 4 3 4 4 3 4 2 4 3 4 4 3 4 2 4 3 4 4 3 4 2 4 3 4 3 
511 4 3 2 1 0 3 3 4 2 2 0 0 3 3 4 2 1 0 0 3 3 4 2 1 0 0 2 3 4 
515 6 5 2 3 5 5 5 6 5 2 3 5 6 5 7 5 3 3 5 6 5 7 5 3 3 5 6 6 7 
538 4 4 2 2 2 4 4 4 4 2 2 2 4 4 4 4 2 2 2 4 4 4 4 2 2 2 4 4 4 
596 6 3 3 2 3 3 5 6 3 3 2 3 3 5 6 3 3 2 3 3 5 6 3 3 2 3 3 5 6 
610 2 1 2 0 0 1 2 2 1 2 1 1 2 2 2 1 2 1 1 2 2 2 1 2 1 1 2 2 2 
650 5 6 3 5 3 5 5 5 6 3 5 3 5 5 5 6 3 5 3 5 5 5 6 3 5 3 5 4 5 
661 5 6 6 5 5 5 5 6 6 6 5 5 6 6 6 7 7 5 5 6 6 6 7 7 6 6 6 6 6 
669 2 1 2 1 1 1 1 2 1 2 1 1 1 1 2 1 2 1 1 1 1 2 1 2 0 1 1 1 2 
672 3 2 1 2 1 2 3 3 2 1 2 1 2 3 3 2 1 2 1 2 3 3 2 1 2 1 2 3 3 
716 3 2 2 1 1 2 2 3 2 2 1 1 2 2 3 2 2 1 1 2 2 3 2 2 1 1 2 2 3 
720 5 5 4 3 3 4 5 5 5 4 3 3 4 5 5 5 4 3 3 4 5 5 5 4 4 3 4 5 5 
801 4 2 2 2 3 3 3 4 2 2 2 3 3 3 4 2 2 1 3 3 3 4 2 2 1 3 3 3 4 
829 2 1 1 1 0 1 2 2 1 1 0 0 1 2 2 1 1 0 0 0 1 2 1 1 0 0 0 1 2 
848 6 6 3 4 5 5 5 6 6 4 5 5 5 6 6 6 4 5 6 5 6 6 6 4 5 6 5 6 7 
865 5 4 4 4 4 5 5 5 4 4 4 5 5 5 5 5 5 5 5 5 5 5 5 5 5 5 5 6 6 
922 4 6 3 4 3 4 5 5 6 3 4 3 4 5 5 6 3 4 3 5 5 5 6 3 4 3 5 5 5 
949 2 0 0 0 1 1 1 2 0 0 0 1 1 1 2 0 0 0 1 1 1 2 0 0 0 1 1 1 2 
962 0 1 0 0 0 1 1 0 1 0 0 0 1 0 0 1 0 0 1 1 0 1 1 0 0 1 1 0 1 
964 2 2 3 2 2 4 3 2 2 2 2 2 4 3 1 2 2 2 2 4 3 1 2 2 1 2 4 3 1 